30 10
0 1 0 1 0 0 0 0 1 0 0 0 0 0 1 1 0 0 0 1 0 1 0 1 1 0 0 0 0 
0 1 1 1 1 1 1 0 0 1 0 1 0 1 1 0 1 1 1 0 0 1 0 1 0 1 0 0 0 
0 0 1 1 0 1 1 1 0 1 1 1 1 0 1 0 0 1 1 0 0 0 1 0 0 1 1 0 1 
0 0 1 1 1 1 1 0 1 0 1 0 1 1 0 1 0 0 1 0 1 0 1 1 1 0 0 0 0 
1 1 1 1 0 1 0 0 1 1 1 1 1 1 0 1 1 0 0 1 1 1 0 0 1 1 0 1 0 
0 0 0 0 0 0 1 1 1 0 1 0 1 0 1 1 0 1 1 0 1 1 1 0 0 0 0 0 0 
1 0 1 1 1 1 1 1 0 0 0 0 0 0 1 1 1 1 1 1 1 1 0 0 1 0 0 0 1 
1 1 0 1 1 1 0 1 0 1 0 1 1 0 1 0 1 0 0 0 1 1 0 1 0 0 1 0 1 
1 1 0 1 1 0 1 0 0 0 1 0 1 1 0 0 0 0 1 0 0 0 1 0 1 1 1 1 0 
1 1 0 0 1 0 0 0 0 0 1 0 0 1 1 1 1 1 1 0 1 0 0 0 0 0 0 0 0 
1 0 0 0 0 0 1 1 1 1 1 1 1 0 1 0 0 1 0 0 0 1 0 1 0 0 1 0 1 1 
1 0 0 0 1 0 0 1 1 0 0 1 0 0 0 1 1 0 0 1 0 1 0 1 1 0 0 1 1 0 
1 1 1 0 0 0 0 0 0 0 0 0 1 0 0 0 1 0 1 1 0 1 0 0 0 0 1 0 1 1 
0 0 1 0 1 0 0 0 1 0 0 0 0 0 0 1 1 0 1 0 0 0 0 1 0 0 0 1 1 0 
0 1 0 0 1 0 0 1 1 1 0 1 0 0 1 0 0 0 0 1 0 1 0 1 1 1 1 1 1 0 
0 1 0 0 0 0 0 0 0 1 1 1 0 1 0 1 0 1 1 1 0 0 0 1 1 1 1 0 1 0 
0 0 0 1 0 1 0 0 1 0 1 1 0 0 1 0 1 0 0 0 1 0 0 1 1 0 1 0 1 0 
0 0 0 1 0 0 0 0 0 1 0 0 1 0 0 0 1 0 1 1 1 0 0 1 1 0 0 1 1 1 
0 0 1 1 0 1 0 1 1 1 1 1 0 1 0 0 0 0 0 0 1 1 1 1 0 0 1 0 0 1 
6
1 4
21 4
25 4
1 9
14 9
18 9
0 0 0 0 1 1 1 1 1 1 1 0 0 0 0 1 0 1 0 0 0 1 1 1 0 0 0 0 1 
1 0 0 1 1 0 1 0 0 1 0 0 1 0 1 0 1 0 0 0 0 0 1 1 1 0 0 1 0 
1 0 1 0 0 0 1 0 1 0 1 0 0 0 0 1 1 1 0 1 1 0 0 1 0 1 1 0 0 
0 1 0 0 0 0 0 0 0 0 1 0 1 1 0 0 1 0 0 1 0 0 0 1 1 0 0 0 0 
1 0 1 1 0 1 0 0 0 0 0 0 0 0 1 0 1 0 1 1 0 0 0 0 0 1 0 1 1 
1 0 0 0 0 1 0 0 0 1 1 0 1 1 1 0 0 1 0 1 1 1 1 0 0 1 1 1 0 
0 0 1 0 0 1 0 0 1 1 0 1 0 1 0 1 1 1 0 0 1 0 0 1 0 1 0 0 1 
0 0 0 1 0 0 1 0 1 1 0 0 1 0 0 1 0 0 0 1 0 0 1 0 1 1 0 1 0 
0 0 0 1 0 1 1 0 1 1 1 0 0 1 1 0 1 0 1 1 0 0 1 0 0 0 1 0 0 
0 1 0 0 1 0 0 1 0 0 0 0 0 0 0 0 0 0 1 1 0 1 0 0 0 1 0 0 0 
1 1 1 0 0 0 0 0 0 0 0 0 1 0 1 1 0 0 1 1 0 1 0 0 1 1 0 1 0 0 
0 0 1 1 0 0 1 0 1 0 1 0 1 1 1 1 1 1 0 1 0 0 1 0 0 1 1 1 0 1 
0 0 1 1 1 0 1 1 0 1 1 0 1 0 1 0 0 0 1 0 1 1 0 1 0 1 0 1 1 0 
0 0 1 1 0 1 1 1 1 1 1 1 1 1 0 1 1 0 1 0 0 1 1 1 0 0 1 0 0 1 
0 1 1 0 1 1 1 0 1 1 1 1 1 0 0 0 1 1 1 0 0 1 0 0 1 1 0 0 0 0 
0 1 0 1 1 1 1 0 1 0 0 1 0 0 0 1 1 0 1 0 1 0 1 1 0 1 1 1 1 0 
1 1 0 0 0 1 0 0 1 0 0 1 0 1 1 1 0 0 0 1 0 0 1 0 1 1 1 0 1 0 
1 1 1 0 1 0 0 1 0 1 0 1 1 1 1 0 0 0 1 0 1 0 1 0 1 0 0 1 1 0 
1 0 1 1 0 1 1 0 1 0 0 1 1 0 0 1 0 1 1 0 1 0 0 1 1 1 1 1 0 1 
7
15 1
25 1
2 2
10 5
14 8
26 9
18 6
